# Frame list with one line of data per frame:
#   FRAME_ID, RIG_ID, RIG_FROM_WORLD[QW, QX, QY, QZ, TX, TY, TZ], NUM_DATA_IDS, DATA_IDS[] as (SENSOR_TYPE, SENSOR_ID, DATA_ID)
# Number of frames: 100
1 1 -0.20816687643651163 -0.17062104821045193 0.82820344984141669 0.49156286996986337 -0.11109521738507966 -1.5576581067780164 2.1662193785826016 1 CAMERA 1 1
2 1 0.74296345293413002 0.48998198749589439 0.36641527734847734 0.27140892405999967 0.30483225380171153 -0.65212779246673791 1.7908691997226414 1 CAMERA 1 2
3 1 -0.093718244014087598 -0.11235997694780817 0.94741142156517999 0.2846115328075251 0.048205142095480741 -2.424075203029243 3.0832850997859471 1 CAMERA 1 3
4 1 -0.48162587090841213 -0.14044584435294136 0.80667464422216328 0.31238998646683502 -0.34333697218905002 -2.3926476476022107 3.0727280641494081 1 CAMERA 1 4
5 1 0.45167929428971709 0.00923871428547853 0.82535299408528573 0.33866339693381248 0.47790343928068718 -2.0513419679546443 2.6454443036091275 1 CAMERA 1 5
6 1 0.50145216630683109 -0.038510826536339859 0.83628246849555454 0.21839018758327064 0.4952734035829795 -2.4759831318550587 3.2656756754692275 1 CAMERA 1 6
7 1 0.90027139423802571 0.11728049028940594 0.41419522221285321 0.064799855017147162 0.26860241064601575 -2.5718693154084504 3.3968147503122501 1 CAMERA 1 7
8 1 -0.1783407242756454 -0.25729697533957629 0.6057200886937919 0.73150258147099423 -0.15737384944749297 0.23838672967581934 1.7107400549250291 1 CAMERA 1 8
9 1 0.60313657887985062 0.24910944786735964 -0.63868300566236258 -0.40774350819898997 -0.45730111509990595 -1.8863564644092266 2.4734726318234905 1 CAMERA 1 9
10 1 0.099971151262327793 -0.1042920882761226 0.96740478444833788 0.20798296147702894 0.2406172307608003 -2.5892506877204462 3.4341148048652275 1 CAMERA 1 10
11 1 0.78078423154809418 -0.016971897327658844 0.6184629428483287 0.087129368127723622 0.44392100411667285 -2.6974696141831451 3.8381941178634538 1 CAMERA 1 11
12 1 0.70824267217393921 0.34747372381702357 0.50314479805010692 0.3528450662312938 0.43666277693045691 -1.0309059232389028 1.9297121661706225 1 CAMERA 1 12
13 1 0.84331513306433958 0.030426724639945425 -0.50457737072493636 -0.18247048453015713 -0.50327787387371492 -2.750880206082142 4.1774647382581431 1 CAMERA 1 13
14 1 -0.18611400910379833 -0.13349533274678427 0.90226978416299131 0.36530782682089624 -0.060590868321506071 -2.1602044881430307 2.707931905909164 1 CAMERA 1 14
15 1 0.33490790034161022 -0.021528992932070397 0.86328106056875475 0.37698675204228477 0.41264308965730306 -1.9535717760668769 2.5335088904158054 1 CAMERA 1 15
16 1 0.7872827488567915 0.51073195905039337 0.29800313309983528 0.17473657894019534 0.19338856230079682 -0.84096618069294904 1.8318978783651263 1 CAMERA 1 16
17 1 -0.37624642588735685 -0.10474381661166735 0.88681546256021904 0.24703379374635315 -0.23782361891040263 -2.5764689924552808 3.4025291534236 1 CAMERA 1 17
18 1 0.93476135891323731 0.071172404179652246 -0.29888614881068143 -0.17838935174243273 -0.42203102543459525 -2.7383025014490028 4.0081966265283722 1 CAMERA 1 18
19 1 0.79213455062830596 0.20439270416660482 -0.49322129062790732 -0.29576888723409717 -0.50954921861358504 -2.3525882988724778 3.0491905784054731 1 CAMERA 1 19
20 1 0.99351723278790416 0.023372129212769883 -0.0096109278131768974 -0.11083718598059494 -0.1803628770747604 -2.802189095065482 4.2927859197732605 1 CAMERA 1 20
21 1 0.18236235315353178 -0.055516129566125699 0.87112516687147268 0.45255151657402809 0.29580492752399923 -1.6688313914246822 2.2668557802819245 1 CAMERA 1 21
22 1 0.76023479078444678 0.10572284911354828 -0.59385761740756171 -0.24124442439827776 -0.50406515503801108 -2.6207998652803361 3.6152941402674403 1 CAMERA 1 22
23 1 -0.16131836045931811 -0.13645664621604639 0.89351818044055686 0.39620857071040622 -0.03993922875153523 -2.0271107061505798 2.5600996390138766 1 CAMERA 1 23
24 1 0.16814892507080498 -0.09078063448855557 0.9442103748457602 0.26823792318204576 0.29411043934581454 -2.4193924344197129 3.1063379132080366 1 CAMERA 1 24
25 1 -0.29036194344490113 -0.17503495770906138 0.8303041702347691 0.44232080017724523 -0.18418445599741773 -1.8208136478976367 2.3713056618272259 1 CAMERA 1 25
26 1 0.99323467277027044 0.044975158210672009 0.0410959512202776 -0.098859712442225203 -0.1336789741200409 -2.7905379045905048 4.152002236782649 1 CAMERA 1 26
27 1 0.98649945898698688 -0.045092805805034553 0.13409208785232057 -0.082491019259172724 -0.026518938896496452 -2.8143329715875227 4.6192609987202022 1 CAMERA 1 27
28 1 0.081176796513421537 -0.087421397745104795 0.88555291074364983 0.44895864976360561 0.2000019119799675 -1.7265432963557095 2.3084682483252541 1 CAMERA 1 28
29 1 -0.32979032022770682 -0.098940672958570369 0.91090272476190393 0.22738802505838143 -0.18908668444344501 -2.6162988882554177 3.4899259791792292 1 CAMERA 1 29
30 1 -0.0076357293993645639 -0.12428719778802393 0.74975308111032146 0.64989591895019627 0.08102991403114887 -0.52194059530354142 1.7445212578747322 1 CAMERA 1 30
31 1 0.06881900177439812 -0.080267374712998316 0.66199823093817045 0.74201040140027097 0.15257432465753934 0.22342465985451754 1.7089135489954286 1 CAMERA 1 31
32 1 0.32762323859626269 -0.032856044184150023 0.87556512845465684 0.35350982974515111 0.40832598789453944 -2.0615635764012068 2.6436956278402617 1 CAMERA 1 32
33 1 0.68277874965840579 0.35331525759081056 -0.47794794687593695 -0.42490854056551958 -0.50595354100308676 -1.4781150155721696 2.171502181254743 1 CAMERA 1 33
34 1 0.85180502809431979 0.44153302138634176 0.26499486637909664 0.096200342678226733 0.12501958367735319 -1.4052991187423887 2.0755934046453577 1 CAMERA 1 34
35 1 0.86650248807435803 0.37009621781353003 0.31534951518863952 0.11294649614466691 0.17793973566894594 -1.7064737670589716 2.2803705100666218 1 CAMERA 1 35
36 1 -0.37268594734364507 -0.23611167863926591 0.73706270359590975 0.51195217631201262 -0.28814411120106592 -1.3869572052827288 2.0769204570403041 1 CAMERA 1 36
37 1 0.9236097470350193 0.34220631219192343 0.17229803482236922 -0.012379914145961072 -0.0071547490554165899 -2.027597112767074 2.5579907050014086 1 CAMERA 1 37
38 1 -0.36480382597852168 -0.1609435209494747 0.83625187597104866 0.37642814925390555 -0.24602452586132167 -2.1336571464731122 2.6953835807706166 1 CAMERA 1 38
39 1 0.76638499155235984 0.13774328266266073 0.59132299926374121 0.2098045360480493 0.44552177924810682 -2.2201481908387768 2.8389293433081706 1 CAMERA 1 39
40 1 0.088817432559245943 -0.10524111023088298 0.96981739833678615 0.2012212371352054 0.23106290170949043 -2.6054684651929771 3.4717699636207984 1 CAMERA 1 40
41 1 0.69583119958734507 0.26568643770776812 -0.55154298223154941 -0.37553960809763021 -0.50056110494678407 -1.9656751802164558 2.5600300315316318 1 CAMERA 1 41
42 1 0.27963736750679535 -0.062153945173525418 0.90775015844950535 0.3064791667114321 0.378737422621926 -2.2656728761334297 2.8834865613613254 1 CAMERA 1 42
43 1 0.82080520194007633 0.39760224432097063 -0.26939973671010825 -0.30921684565942098 -0.46060126208532765 -1.641728063199029 2.2713740739939543 1 CAMERA 1 43
44 1 -0.26598971783670133 -0.26354016250127477 0.66619177765602722 0.64496865670934445 -0.22971613327451568 -0.45232249054495982 1.7436922131318771 1 CAMERA 1 44
45 1 0.34153560145251805 -0.0060300048584097038 0.84586295321939708 0.40967418316612803 0.41610811001136944 -1.7919403498676088 2.389738901041107 1 CAMERA 1 45
46 1 0.81651137859629597 0.088932437220125476 0.55434174976876016 0.1345563625257985 0.40428489472773022 -2.4957595715840908 3.2709851071735145 1 CAMERA 1 46
47 1 0.76963229530985933 -0.088952153008163518 0.63144401484039747 0.032126322751442719 0.4481797651604883 -2.7747089376444687 4.329441570438286 1 CAMERA 1 47
48 1 0.12627010047192885 -0.086057222454277063 0.92402490037915064 0.35046825772038881 0.25245612257936229 -2.1484160956145471 2.7138795963619824 1 CAMERA 1 48
49 1 0.74717071626557019 0.43690538144596747 -0.32541971549083859 -0.38072512024899308 -0.49654410451790065 -1.2500288601828131 2.0394913178656533 1 CAMERA 1 49
50 1 -0.24160511556229275 -0.22132217086526051 0.73749218271219863 0.59054952819896211 -0.17334137106326308 -0.9077617982388948 1.8533481360305564 1 CAMERA 1 50
51 1 0.23404722622123872 0.010366755082518836 0.75353914895939156 0.61424195336427423 0.33129602322535512 -0.63357094602747199 1.7903574358842334 1 CAMERA 1 51
52 1 0.81145607404871767 0.24422042113683096 -0.43626082608524641 -0.30260852171181418 -0.50178277654307224 -2.2359266126276478 2.8742074353788065 1 CAMERA 1 52
53 1 0.96234979785974695 0.047684964107025878 -0.21688127953483999 -0.15675305848609949 -0.36471186947492479 -2.7711145737208533 4.1670144706615284 1 CAMERA 1 53
54 1 0.45003460130669326 0.23939397235162177 0.58928633144332987 0.62681815800317942 0.49656282747104524 0.046422810252001671 1.7415078799766632 1 CAMERA 1 54
55 1 0.76886562899395039 0.49097353833142166 -0.23125617142837454 -0.33809941198758553 -0.45881723483065401 -1.0770283584474485 1.9530977389069133 1 CAMERA 1 55
56 1 0.58075787722626515 0.09638712897604737 -0.77122026598406201 -0.24217578479870733 -0.4155397917571988 -2.6137911096968471 3.5572446815565497 1 CAMERA 1 56
57 1 0.64040840532283427 -0.063986585572604296 0.75686015460981571 0.11377828273721662 0.5095992254243249 -2.6869341346702882 3.8454480229804502 1 CAMERA 1 57
58 1 0.25815076523956298 -0.084818203188772631 0.932163924965141 0.23923727094171435 0.36696922906933233 -2.4826868777169797 3.2394602310997316 1 CAMERA 1 58
59 1 0.91301601348678141 0.35990943986077867 0.19194629698234392 0.00485523331795877 0.014632837359235373 -1.934370476642749 2.465553082921657 1 CAMERA 1 59
60 1 0.96943843641437888 0.20521242528950676 -0.033462981957797254 -0.13021984237333067 -0.2292529120678784 -2.5327118551961436 3.300484468622491 1 CAMERA 1 60
61 1 0.90213502994328776 0.33677452989544532 -0.16119317259638619 -0.21622225803842846 -0.3667543541138939 -2.0589169361790005 2.6252073144357562 1 CAMERA 1 61
62 1 0.7074993917111565 0.50171790533860183 0.3808301561969854 0.32045615350928897 0.34060468448817294 -0.39965134364654586 1.74523728429097 1 CAMERA 1 62
63 1 0.75709318451240282 0.55006063398592564 -0.16470962254697064 -0.31163111068104976 -0.42337265352576225 -0.77726817607082943 1.837671993876808 1 CAMERA 1 63
64 1 0.93287792591236796 0.16755339502240724 0.31732869496979493 0.031098786321508236 0.16008202993608847 -2.5192501603637587 3.2635923290930147 1 CAMERA 1 64
65 1 0.91914673796307067 0.17168541974070883 -0.28476294151545256 -0.21119530742838552 -0.42382360997262924 -2.5635979076332074 3.426696611142515 1 CAMERA 1 65
66 1 -0.059117454670630579 -0.13331774645355338 0.83144175742515603 0.53613068280371723 0.042244108427233924 -1.2898849763727773 2.006059732373787 1 CAMERA 1 66
67 1 0.0041583308440081819 -0.10639189437281288 0.93611340163862344 0.33519423081091565 0.13883174502425302 -2.2360970430770495 2.8119536008157322 1 CAMERA 1 67
68 1 0.014219887936061666 -0.10588553363131857 0.88917813554755776 0.44491380268414416 0.13683224059152252 -1.7667623241135693 2.3321018387408121 1 CAMERA 1 68
69 1 0.83437721381166075 -0.079185208187468881 0.54537304206063686 0.01061192111373236 0.38288588318553857 -2.7885020074451425 4.4091829478014573 1 CAMERA 1 69
70 1 -0.019361571194930698 -0.12510653457036666 0.78848198245458478 0.60188840154396162 0.075381622617122529 -0.86295043714853292 1.8322414629245962 1 CAMERA 1 70
71 1 0.7985182744097975 0.068858780775127415 -0.55986500893315383 -0.2101861211308729 -0.50770956253615274 -2.7002223471394697 3.8954667788809685 1 CAMERA 1 71
72 1 0.18116273107383918 -0.070913243967081804 0.90723516251702596 0.37292859449583465 0.30107054142766548 -2.0400422555636379 2.6022940542227015 1 CAMERA 1 72
73 1 -0.30302355167793438 -0.10400587571241619 0.91680506189241551 0.23838620646805056 -0.16208597073666886 -2.5863232583896885 3.4128147767773958 1 CAMERA 1 73
74 1 0.8259893610257556 0.42146526838420628 0.33583286626384318 0.16530241666444112 0.22434569857638331 -1.3423148226982822 2.0492493825179912 1 CAMERA 1 74
75 1 0.87272726762385078 0.041033081518341487 0.48283116751685823 0.059476602468737851 0.33143608219352888 -2.6868923569210921 3.7362886915949076 1 CAMERA 1 75
76 1 0.88563125606319604 0.29502146558337017 -0.25689830214081222 -0.25024563030377611 -0.42883826704095551 -2.172737522132306 2.7710774398788773 1 CAMERA 1 76
77 1 0.87552842898699801 0.47083010114824303 0.051140952817500293 -0.095674389641183286 -0.17067883257811675 -1.4721298776036644 2.1168750572197319 1 CAMERA 1 77
78 1 0.32486990425890172 0.068880210861601829 0.73090168468596362 0.596236353455317 0.40312195817305158 -0.63898078281117532 1.8035779152844342 1 CAMERA 1 78
79 1 0.97276172367343139 0.1253662782667021 -0.12334766954770261 -0.15100754168782868 -0.2990108607821092 -2.6897534878896847 3.7323311684773821 1 CAMERA 1 79
80 1 0.87604512273027657 0.065652401714143868 0.47271803561340636 0.069082297989151067 0.32514487207618498 -2.6446947600265971 3.59983346945975 1 CAMERA 1 80
81 1 -0.29185152172556045 -0.13909224088701799 0.8815252506219996 0.34407741906048345 -0.16583653480942367 -2.2580805129868327 2.8431826936497906 1 CAMERA 1 81
82 1 0.90361953808538809 0.39124926547815658 -0.054943010629274786 -0.16545998983483645 -0.27819780896474122 -1.8632157432305188 2.4188131833730702 1 CAMERA 1 82
83 1 0.75083088797390451 0.27315078431211381 0.52863251985089255 0.28668673783433213 0.42809396478848416 -1.5824497937764594 2.2241624683786858 1 CAMERA 1 83
84 1 -0.0073309358624828545 -0.1153430242453134 0.8353311308956276 0.53746083196262506 0.098958715947514597 -1.2715029697469606 1.9986024238738991 1 CAMERA 1 84
85 1 0.9562627054959959 0.26627819294386296 0.1015989518642967 -0.065842349746235596 -0.089165045283405867 -2.3448370452011229 2.9517438051676836 1 CAMERA 1 85
86 1 -0.045684689023173353 -0.11395201339364973 0.92358113464206149 0.36321582504851274 0.084284515799359014 -2.1411533205614104 2.6933228766548187 1 CAMERA 1 86
87 1 -0.0072689638240136375 -0.10988959697300352 0.90323194666647588 0.41478125459466525 0.11709135708247746 -1.91376201008714 2.4594628573616957 1 CAMERA 1 87
88 1 0.63539772256160043 0.10999382197455643 0.69810778196511847 0.31115368879494881 0.50989985466866972 -1.9610170851002826 2.5523323761513419 1 CAMERA 1 88
89 1 0.13770840332625839 -0.090099030155992979 0.93916916354447888 0.30146283795095874 0.26610277857603398 -2.3216808173810244 2.9464412585985045 1 CAMERA 1 89
90 1 -0.31672493581167016 -0.13087359510770769 0.88484514343473997 0.315604957626828 -0.18685246320583765 -2.364292163867411 2.9980215063413844 1 CAMERA 1 90
91 1 0.18640337160073261 -0.10215034204579672 0.95755532804751864 0.19469690393946917 0.31553472979295211 -2.6034686974163095 3.4900321838792707 1 CAMERA 1 91
92 1 0.43498777784209441 -0.062234349646903407 0.87359537843772905 0.2091497875310058 0.47000330335165358 -2.5221472518644958 3.3550705242101815 1 CAMERA 1 92
93 1 0.94255396806923863 0.053711678949606517 -0.28278153306646175 -0.16953370572817866 -0.40936235227171369 -2.7580327597921488 4.1153508892048576 1 CAMERA 1 93
94 1 0.6434016606809102 0.20741079835324822 -0.64590230346569377 -0.35471859006432988 -0.47103070728126861 -2.176357549439484 2.7891309869934031 1 CAMERA 1 94
95 1 0.80432689188096751 0.50593967319935973 0.27708442531307137 0.14250445371620016 0.15745996294924508 -0.95235206632817404 1.8685378104429471 1 CAMERA 1 95
96 1 0.78627086449210082 0.084868534584729427 -0.5699356834903293 -0.2230443367868733 -0.50847124905396701 -2.670831465431692 3.7770985676711994 1 CAMERA 1 96
97 1 0.19283037471707512 -0.098396409211682329 0.95300041659259216 0.211954710292235 0.31953531912582839 -2.5638066476958161 3.3962060514356338 1 CAMERA 1 97
98 1 0.44170677437258549 0.20331866173709334 0.62469213129027867 0.61099622614776639 0.48925005996968418 -0.17969318015327537 1.7472119264309247 1 CAMERA 1 98
99 1 0.72523524973545039 0.067558618987721544 -0.65155482749176596 -0.2120046516324724 -0.49280956953606536 -2.6947066877237451 3.8597167465165958 1 CAMERA 1 99
100 1 0.93023483012681774 0.2607480894964469 0.2569187177966103 0.025814087019091065 0.096103363316679097 -2.2748274360055807 2.855070579635854 1 CAMERA 1 100
